[gd_scene load_steps=6 format=2]

[ext_resource path="res://Materials/Checkers.tres" type="Material" id=1]
[ext_resource path="res://Prefabs/Structure/Pad.tscn" type="PackedScene" id=2]
[ext_resource path="res://Prefabs/Car/Car.tscn" type="PackedScene" id=3]

[sub_resource type="CubeMesh" id=1]

[sub_resource type="BoxShape" id=2]

[node name="Spatial" type="Spatial"]

[node name="MeshInstance" type="MeshInstance" parent="."]
transform = Transform( 500, 0, 0, 0, 1, 0, 0, 0, 500, 299.941, 0, 314.62 )
mesh = SubResource( 1 )
material/0 = ExtResource( 1 )

[node name="StaticBody" type="StaticBody" parent="MeshInstance"]
collision_layer = 2
collision_mask = 0

[node name="CollisionShape" type="CollisionShape" parent="MeshInstance/StaticBody"]
shape = SubResource( 2 )

[node name="MeshInstance2" parent="." instance=ExtResource( 2 )]

[node name="DirectionalLight" type="DirectionalLight" parent="."]
transform = Transform( 0.855886, 0.322772, -0.404076, 0, 0.78133, 0.624118, 0.517164, -0.534174, 0.668729, 0, 14.8995, 0 )

[node name="Car" parent="." instance=ExtResource( 3 )]
transform = Transform( 0.926648, 0.200831, 0.31779, -0.356856, 0.735774, 0.575578, -0.118228, -0.646764, 0.753471, 16.0677, 100.993, 31.0556 )

[node name="Camera" type="Camera" parent="."]
transform = Transform( -0.749161, 0.436029, -0.498635, 0.0391683, 0.780627, 0.623768, 0.661229, 0.447772, -0.601894, 0.90242, 26.9002, 12.8288 )
current = true
fov = 90.0
far = 2000.0
